-----------------------------------------------------------------------------
   PRES   HGHT   TEMP   DWPT   RELH   MIXR   DRCT   SKNT   THTA   THTE   THTV
    hPa     m      C      C      %    g/kg    deg   knot     K      K      K 
-----------------------------------------------------------------------------
 1000.0    118                                                               
  993.0    178   20.0   19.5     97  14.59    145     12  293.7  335.5  296.3
  981.0    283   19.6   17.3     87  12.83    154     14  294.4  331.2  296.6
  970.0    381   21.4   17.4     78  13.06    162     16  297.1  335.1  299.4
  945.0    609   22.8   14.8     61  11.32    180     21  300.8  334.3  302.8
  944.9    610   22.8   14.8     61  11.31    180     21  300.8  334.3  302.8
  925.0    796   22.8   12.8     53  10.14    200     24  302.6  333.0  304.5
  923.0    815   22.8   12.8     53  10.16    201     24  302.8  333.2  304.6
  912.5    914   22.4   12.3     53   9.98    205     25  303.3  333.3  305.2
  881.0   1219   21.0   11.0     53   9.43    235     21  305.0  333.5  306.7
  868.0   1348   20.4   10.4     53   9.20    252     25  305.7  333.6  307.4
  856.0   1469   21.2   10.2     49   9.21    267     29  307.7  336.0  309.4
  850.0   1530   23.0    6.0     33   6.94    275     31  310.2  332.0  311.5
  838.0   1654   23.2    4.2     29   6.21    281     32  311.7  331.3  312.9
  820.9   1829   21.6    3.6     31   6.06    290     34  311.8  331.1  313.0
  792.0   2134   18.8    2.5     34   5.82    300     41  312.1  330.6  313.2
  764.3   2438   16.0    1.4     37   5.59    305     38  312.3  330.1  313.3
  737.4   2743   13.2    0.4     41   5.36    300     41  312.4  329.6  313.5
  711.4   3048   10.5   -0.7     46   5.14    305     47  312.6  329.0  313.6
  709.0   3077   10.2   -0.8     46   5.12    305     47  312.6  329.0  313.6
  700.0   3183    9.2   -0.8     50   5.18    305     47  312.6  329.2  313.6
  677.0   3459    6.4   -0.6     61   5.44    296     47  312.5  329.9  313.5
  660.6   3658    4.9   -0.7     67   5.55    290     47  313.0  330.7  314.0
  636.4   3962    2.5   -0.7     79   5.73    290     32  313.7  332.0  314.8
  617.0   4213    0.6   -0.8     90   5.88    282     38  314.2  333.1  315.4
  612.9   4267    0.3   -1.0     91   5.84    280     39  314.5  333.2  315.6
  571.0   4833   -2.5   -3.0     96   5.40    266     47  317.6  335.2  318.7
  567.8   4877   -2.7   -3.2     96   5.34    265     48  318.0  335.4  319.0
  532.0   5394   -4.5   -5.8     91   4.69    252     44  321.7  337.3  322.6
  525.8   5486   -5.1   -6.3     91   4.55    250     43  322.1  337.2  323.0
  500.0   5880   -7.7   -8.7     93   3.99    240     41  323.6  337.0  324.4
  486.1   6096   -8.9  -10.1     91   3.68    240     43  324.7  337.2  325.4
  467.1   6401  -10.6  -12.0     90   3.28    240     52  326.3  337.6  326.9
  419.0   7232  -15.3  -17.3     85   2.36    240     50  330.6  339.0  331.1
  400.0   7580  -17.7  -19.8     84   2.00    240     49  331.9  339.1  332.3
  397.8   7620  -18.0  -20.1     83   1.96    235     49  332.1  339.1  332.4
  322.8   9144  -28.8  -32.0     74   0.82    230     46  337.5  340.7  337.7
  310.0   9438  -30.9  -34.3     72   0.68    230     45  338.5  341.2  338.7
  300.0   9670  -32.9  -36.6     69   0.56    230     45  338.9  341.1  339.0
  250.0  10930  -43.1  -48.1     58   0.20    240     44  341.9  342.7  341.9
  223.0  11688  -49.9  -55.9     49   0.09    240     42  342.8  343.1  342.8
  216.3  11887  -51.6  -58.7     43   0.06    240     42  343.1  343.4  343.1
  210.0  12078  -53.3  -61.3     37   0.05    238     44  343.4  343.6  343.4
  200.0  12390  -55.7  -65.7     28   0.03    235     46  344.4  344.5  344.4
  195.0  12551  -56.7  -67.7     24   0.02    230     46  345.3  345.4  345.3
  183.0  12950  -59.7  -67.7     34   0.02    218     47  346.8  346.9  346.8
  166.0  13553  -63.7  -70.7     38   0.02    200     48  349.9  349.9  349.9
  163.0  13664  -64.5  -72.5     32   0.01    197     48  350.4  350.4  350.4
  161.6  13716  -64.8  -72.8     32   0.01    195     48  350.8  350.8  350.8
  156.0  13931  -65.9  -73.9     32   0.01    200     54  352.4  352.4  352.4
  154.0  14010  -64.9  -73.9     28   0.01    202     55  355.4  355.5  355.4
  151.0  14130  -65.3  -75.3     24   0.01    204     56  356.7  356.8  356.7
  150.0  14170  -64.3  -74.3     24   0.01    205     56  359.1  359.2  359.1
  149.0  14211  -64.3  -75.3     21   0.01    206     56  359.8  359.9  359.8
  139.1  14630  -65.9  -76.9     20   0.01    220     58  364.1  364.1  364.1
  137.0  14722  -66.3  -77.3     20   0.01    225     55  365.0  365.1  365.0
  134.0  14856  -64.9  -75.9     21   0.01    233     51  369.8  369.9  369.8
  129.0  15088  -64.7  -76.7     18   0.01    246     44  374.2  374.3  374.2
  125.8  15240  -65.7  -78.3     16   0.01    255     40  375.1  375.1  375.1
  124.0  15328  -66.3  -79.3     15   0.01    256     37  375.6  375.6  375.6
  123.0  15377  -64.9  -77.9     15   0.01    257     35  379.0  379.0  379.0
  120.0  15528  -64.3  -77.3     15   0.01    260     29  382.8  382.8  382.8
  119.7  15545  -64.4  -77.4     15   0.01    260     28  382.8  382.9  382.8
  114.0  15840  -66.7  -78.7     17   0.01    257     26  383.9  384.0  383.9
  106.0  16279  -67.5  -80.5     14   0.01    253     24  390.5  390.5  390.5
  104.0  16394  -66.7  -79.7     14   0.01    252     23  394.1  394.2  394.1
  101.0  16570  -67.5  -80.5     14   0.01    251     22  395.9  396.0  395.9
  100.0  16630  -67.1  -80.1     14   0.01    250     22  397.8  397.9  397.8
   97.7  16771  -67.1  -80.1     14   0.01    256     23  400.5  400.5  400.5
   94.8  16954  -64.1  -78.1     13   0.01    263     25  409.8  409.9  409.8
   88.5  17374  -64.2  -79.5     11   0.01    280     28  417.6  417.7  417.6
   85.0  17624  -64.3  -80.3     10   0.01    272     14  422.4  422.4  422.4
   84.3  17678  -63.5  -79.8      9   0.01    270     11  425.1  425.2  425.1
   82.7  17793  -61.7  -78.7      9   0.01    248     11  431.0  431.1  431.0
   79.1  18070  -60.7  -77.7      9   0.01    196     12  438.6  438.7  438.6
   76.4  18288  -61.7  -78.7      9   0.01    155     13  440.9  440.9  440.9
   75.4  18368  -62.1  -79.1      9   0.01    162     15  441.7  441.8  441.7
   72.7  18593  -61.6  -78.1      9   0.01    180     22  447.3  447.4  447.3
   70.0  18830  -61.1  -77.1     10   0.02    225     19  453.3  453.4  453.3
